DateTime	0	1	2	3	4	5	6	7	8	9	10	11	12	13	14	15	16	17	18	19	20	21	22	23	24	25	26	27	28	29	30	31
2023-03-23 14:53:56.373292	718.5	692.2	690.8	722.6	859.9	737.0	726.0	825.8	887.9	761.9	750.9	865.0	788.7	732.9	766.2	791.4	784.4	0.0	747.5	779.8	1177.4	1055.1	1061.1	1074.9	734.5	711.3	719.8	743.4	812.2	784.4	768.7	811.6
2023-03-23 15:14:07.482942	726.0	706.2	721.6	756.8	894.0	750.1	750.7	847.0	843.1	759.8	756.6	871.1	784.8	743.8	762.7	786.6	781.8	0.0	749.3	786.8	1193.5	1057.6	1079.1	1089.2	750.1	716.2	715.8	750.9	814.7	776.5	754.3	797.9
2023-03-23 15:34:18.874203	725.0	707.2	710.0	750.4	899.6	759.3	751.8	851.6	829.0	744.9	737.2	841.8	799.6	740.8	773.1	801.0	780.9	0.0	745.7	786.4	1165.0	1049.5	1087.7	1073.4	748.1	716.7	725.5	741.7	805.2	783.4	790.7	803.0
2023-03-23 15:54:30.454105	714.1	700.3	705.9	743.3	853.1	744.8	750.8	862.0	854.9	763.3	754.3	855.0	794.0	752.5	775.4	806.1	817.3	115.4	777.1	815.9	1190.0	1085.9	1097.7	1130.2	760.5	728.9	731.1	759.4	812.4	780.1	758.8	793.8
2023-03-23 16:14:41.365259	756.6	751.3	739.2	769.7	859.3	730.8	735.0	813.6	840.8	755.9	739.7	834.1	810.7	761.8	788.9	827.9	827.0	116.0	839.9	826.8	1206.1	1075.6	1123.8	1122.3	788.1	768.1	762.7	788.8	862.3	829.8	803.6	837.9
2023-03-23 16:34:51.609643	715.1	697.0	697.2	736.3	860.1	733.1	730.0	838.1	859.5	786.5	765.0	855.6	797.9	737.6	767.0	788.3	817.5	55.2	826.1	823.3	1243.3	1130.5	1148.3	1163.8	777.3	749.9	756.8	771.7	840.8	806.0	775.6	821.5
2023-03-23 16:55:01.785367	723.0	690.9	700.9	737.5	851.4	717.7	728.5	828.7	841.8	762.2	738.6	837.5	802.7	755.8	797.9	830.5	801.3	13.5	766.3	798.1	1163.7	1059.1	1075.9	1068.7	755.3	744.9	745.1	763.4	829.1	797.5	771.1	807.1
2023-03-23 17:15:12.533756	707.4	685.0	687.7	723.4	822.2	710.4	723.2	813.4	814.8	747.0	734.7	815.0	814.1	752.3	783.5	816.8	796.9	48.2	756.4	781.0	1168.3	1058.3	1079.6	1068.9	752.9	735.0	743.6	766.3	812.5	793.0	778.6	820.6
2023-03-23 17:35:23.353363	730.1	709.6	710.2	755.8	843.6	734.1	734.6	846.4	831.7	751.4	750.0	830.6	795.0	737.8	769.9	795.3	800.7	135.0	752.6	795.9	1216.7	1079.5	1104.0	1106.2	747.5	724.7	718.0	741.5	851.2	812.9	811.4	831.9
2023-03-23 17:55:33.841517	736.7	714.5	713.4	747.3	863.6	747.6	740.0	859.8	844.4	752.8	740.5	823.7	788.4	737.8	772.8	782.6	793.4	190.9	760.3	790.7	1193.3	1068.6	1093.1	1087.7	730.8	710.4	706.1	741.3	808.7	782.5	755.5	797.2
2023-03-23 18:15:44.125330	730.5	719.0	711.9	739.7	859.5	749.9	760.1	880.1	867.3	775.8	761.4	852.8	812.0	765.2	796.4	827.9	799.1	51.8	766.4	793.0	1180.5	1079.8	1087.4	1108.8	759.4	736.0	738.5	762.4	838.3	807.5	781.9	811.5
2023-03-23 18:35:54.189244	710.8	692.8	689.8	716.3	854.6	725.7	717.7	829.1	822.2	755.1	728.9	822.5	777.1	731.1	762.3	797.7	813.4	18.6	766.3	812.3	1209.6	1106.2	1114.4	1101.3	772.5	746.4	743.6	762.4	825.8	785.6	777.0	821.0
2023-03-23 18:56:05.610485	718.4	699.8	700.2	736.5	833.1	709.4	711.8	811.1	845.8	772.9	756.7	838.3	799.7	747.1	771.9	803.5	822.4	46.6	771.9	810.4	1187.8	1068.9	1068.9	1055.3	769.7	731.8	736.7	754.3	851.1	814.5	787.5	831.9
2023-03-23 19:16:16.610141	713.4	684.5	680.8	726.6	862.5	746.5	738.9	829.8	837.5	763.8	750.6	834.0	794.7	748.8	773.6	796.1	781.5	66.5	781.5	786.2	1206.0	1070.6	1084.1	1100.8	733.7	706.9	711.0	743.8	833.9	796.4	779.2	807.0
2023-03-23 19:36:27.032406	762.1	742.1	729.6	756.4	874.5	750.5	742.1	855.4	821.7	755.3	740.5	817.4	802.7	748.4	783.8	815.1	812.4	31.3	800.7	806.6	1209.8	1082.6	1052.5	1137.1	755.2	739.1	738.4	757.8	818.7	794.6	767.9	789.3
2023-03-23 19:56:38.650969	725.6	698.0	692.5	732.9	866.7	744.5	745.4	867.1	842.8	776.2	766.4	842.6	797.4	746.4	773.4	809.5	818.7	4.9	777.7	826.9	1222.7	1092.6	1131.8	1139.0	736.8	711.3	706.3	737.0	829.2	792.9	776.1	824.7
2023-03-23 20:16:48.868228	732.1	716.1	721.1	748.6	882.3	762.9	762.1	882.3	838.4	763.0	759.9	842.9	782.8	735.9	759.5	793.9	790.9	1.0	765.8	803.6	1194.2	1072.8	1096.0	1119.7	765.8	736.3	735.4	754.1	840.3	801.0	782.2	838.4
2023-03-23 20:36:59.951762	722.8	712.6	710.1	740.4	890.9	770.9	763.4	886.4	834.4	774.0	755.8	831.5	806.6	754.5	778.5	808.9	802.8	1.6	771.2	803.0	1199.7	1087.4	1143.9	1096.2	795.5	763.3	761.2	786.8	840.7	803.3	784.6	839.1
2023-03-23 20:57:10.449208	740.8	721.6	724.6	751.7	880.7	753.3	754.8	869.3	796.0	735.3	734.3	810.3	791.3	745.3	771.4	813.9	800.1	0.0	769.9	799.7	1261.0	1106.1	1148.0	1138.0	736.8	716.0	723.5	727.5	793.6	774.4	754.2	788.0
2023-03-23 21:17:21.603946	740.0	720.4	718.2	756.6	880.6	746.4	743.6	841.9	823.5	763.6	736.3	827.1	786.9	734.4	763.9	788.7	797.5	0.0	771.8	802.7	1199.0	1076.9	1108.9	1113.9	770.4	733.0	729.9	752.7	811.9	787.4	759.7	806.9
2023-03-23 21:37:31.858556	788.7	730.3	729.3	766.5	869.7	748.7	747.5	848.8	832.8	767.7	754.3	840.9	785.8	747.1	769.6	806.9	823.0	0.0	789.0	807.5	1226.1	1106.6	1140.6	1164.6	758.2	735.2	735.7	765.3	825.0	800.7	779.3	824.0
2023-03-23 21:57:42.562781	725.4	705.9	706.7	732.6	861.8	748.9	753.4	837.8	810.8	740.5	732.6	817.3	789.2	737.5	764.7	798.7	808.0	2533.6	772.8	800.1	1206.9	1110.8	1123.8	1110.4	776.8	744.0	737.9	757.3	822.1	785.0	761.3	814.4
2023-03-23 22:17:53.886599	748.8	726.4	731.0	769.9	848.5	764.2	757.1	855.6	850.9	791.0	766.5	868.1	815.5	754.6	782.1	818.6	825.8	46.6	783.9	816.4	1209.6	1086.6	1146.5	1117.4	746.6	727.8	730.1	747.6	842.9	804.5	786.5	845.5
2023-03-23 22:38:04.073922	725.0	701.5	694.7	738.6	843.9	751.2	750.0	859.2	987.9	878.6	848.5	1438.7	800.7	741.7	778.8	798.7	814.4	5905.7	832.2	819.5	1225.6	1125.9	1152.8	1130.2	773.1	745.7	748.3	779.9	849.8	821.3	794.2	828.8
2023-03-23 22:58:14.860357	747.0	728.4	727.9	756.2	862.2	756.2	756.5	844.2	851.3	771.1	763.0	862.9	808.7	749.7	783.9	809.0	813.4	963.2	803.3	821.3	1261.9	1098.7	1171.7	1146.1	761.1	741.8	765.9	771.5	866.8	833.3	802.2	847.9
2023-03-23 23:18:25.822426	752.0	740.6	709.7	738.7	850.8	761.3	750.0	864.1	851.2	776.4	752.6	843.0	786.9	731.9	770.1	811.0	817.6	0.1	783.2	797.5	1277.1	1131.9	1153.2	1146.7	770.5	749.4	750.6	778.8	836.3	814.0	791.1	826.2
2023-03-23 23:38:36.213832	733.5	714.9	714.4	762.4	825.4	759.4	751.3	853.3	856.4	776.2	763.4	851.5	804.4	762.8	778.7	811.3	819.0	0.0	784.9	821.0	1248.9	1109.5	1124.4	1108.2	787.9	749.4	752.2	773.4	847.3	811.7	787.5	826.6
2023-03-23 23:58:46.947929	759.6	730.8	725.9	760.2	828.4	741.4	741.8	842.1	855.1	775.1	765.3	841.3	803.4	749.5	789.9	821.1	836.1	0.0	790.3	829.4	1255.0	1100.7	1112.8	1137.1	766.5	741.7	743.1	761.2	830.5	795.6	775.4	815.8
2023-03-24 00:18:58.285012	744.1	721.7	727.5	755.6	797.7	738.1	730.3	838.4	877.8	788.8	777.9	842.2	800.0	746.5	774.7	800.7	844.2	0.0	798.1	839.7	1252.7	1144.1	1137.5	1157.0	750.0	723.4	718.3	748.6	852.7	809.3	776.8	823.4
2023-03-24 00:39:09.955290	750.5	716.7	722.6	756.8	834.1	762.3	769.5	879.7	863.5	799.2	781.8	844.9	807.7	760.6	782.6	823.2	849.8	0.0	805.7	838.2	1273.2	1161.5	1183.9	1249.5	785.5	765.8	773.9	795.5	851.0	809.8	785.6	834.2
2023-03-24 00:59:20.584690	754.3	722.3	725.1	766.0	890.2	770.8	775.5	878.7	881.5	794.6	787.4	855.6	830.3	778.1	815.3	834.7	852.9	0.0	817.1	855.0	1258.0	1135.4	1165.9	1164.9	781.0	754.1	762.9	776.9	867.8	827.2	794.1	834.9
2023-03-24 01:19:30.720247	748.2	717.7	722.3	744.1	864.3	733.6	736.2	850.7	831.3	754.6	740.9	837.4	790.7	745.3	775.5	806.5	788.5	0.0	757.7	808.4	1207.2	1073.8	1109.6	1093.8	764.0	739.1	732.0	749.4	854.6	819.8	785.0	832.3
2023-03-24 01:39:41.273178	759.0	724.6	726.4	754.6	925.1	770.5	771.9	870.0	850.7	782.2	779.7	858.4	824.9	772.2	809.5	831.8	804.8	0.0	775.5	810.3	1296.4	1183.1	1230.8	1208.8	780.9	749.7	754.8	765.0	873.7	826.0	807.7	845.4
2023-03-24 01:59:52.541885	772.2	740.6	742.3	786.9	962.9	759.5	754.4	889.6	873.0	809.9	787.2	858.2	831.6	780.1	805.0	828.3	814.9	0.0	774.3	802.7	1252.5	1140.7	1160.5	1179.4	790.4	760.7	761.9	791.0	893.3	834.9	814.0	861.6
2023-03-24 02:20:03.228134	781.1	749.9	754.3	778.4	962.5	775.8	773.4	878.7	847.9	785.0	772.7	847.7	808.9	756.8	798.9	831.3	826.8	0.0	791.4	829.9	1349.1	1194.3	1229.9	1311.1	780.9	748.5	757.0	778.7	818.3	789.5	778.7	828.4
2023-03-24 02:40:13.259458	790.7	758.7	746.7	788.5	962.8	754.9	763.6	884.0	839.0	773.6	760.9	839.2	807.1	767.2	792.9	821.4	847.7	0.0	809.9	849.0	1272.4	1170.3	1201.5	1181.7	808.2	779.0	782.1	802.3	870.8	844.7	825.8	862.4
2023-03-24 03:00:24.284903	773.7	749.9	745.5	778.0	983.1	766.8	749.2	860.1	879.9	803.4	783.4	841.8	802.5	749.8	778.8	822.9	834.5	0.0	793.4	829.0	1289.2	1159.9	1174.2	1187.5	801.5	768.9	767.3	799.7	854.7	827.4	807.2	855.7
2023-03-24 03:20:34.954276	777.2	757.9	743.6	780.8	933.4	760.9	770.6	895.8	855.8	779.3	753.0	834.0	824.6	772.2	802.7	837.4	849.5	0.0	810.8	853.8	1293.1	1160.5	1204.6	1208.1	790.4	770.1	765.5	798.8	858.3	830.5	804.9	867.8
2023-03-24 03:40:46.189595	769.4	741.6	744.7	782.9	938.5	746.3	750.2	863.2	839.2	765.5	743.2	829.3	808.1	749.6	779.0	812.0	854.0	0.0	820.3	861.0	1322.0	1171.9	1171.5	1178.7	789.4	753.1	755.2	782.9	855.7	817.5	789.8	840.2
2023-03-24 04:00:56.378422	789.9	762.6	758.8	802.6	989.9	786.1	788.3	900.4	854.3	775.8	762.9	845.8	808.9	761.1	797.9	823.5	825.7	0.0	792.2	825.9	1328.4	1142.3	1164.0	1159.4	801.3	787.9	790.2	810.7	844.5	805.5	789.5	823.9
2023-03-24 04:21:06.616372	780.8	750.8	759.6	782.6	1023.6	785.9	783.1	877.3	905.0	820.0	857.2	873.6	825.4	776.6	804.2	836.9	859.9	0.0	813.2	849.1	1256.0	1145.2	1182.5	1188.7	785.1	760.5	762.7	789.6	848.3	829.0	801.0	854.8
2023-03-24 04:41:16.683027	786.5	745.8	741.4	791.6	904.2	774.2	774.2	872.3	901.2	809.0	794.7	880.3	818.9	769.1	809.4	836.7	837.0	0.0	797.7	846.9	1270.9	1153.0	1205.4	1186.0	800.9	775.4	776.1	792.9	860.2	834.6	815.5	850.5
2023-03-24 05:01:27.798916	783.5	760.3	761.4	776.0	952.0	783.3	789.7	898.1	875.8	802.7	798.5	862.3	849.2	783.1	822.7	864.1	846.7	0.0	798.2	844.8	1232.5	1133.2	1166.7	1150.3	795.1	756.4	757.9	790.2	854.0	817.1	787.9	827.6
2023-03-24 05:21:38.605128	779.6	754.4	755.9	805.4	966.8	787.7	797.9	914.2	877.8	807.7	809.8	890.4	835.0	783.4	809.7	834.0	849.6	0.0	808.0	843.8	1265.2	1144.6	1148.7	1136.4	824.9	786.5	792.0	830.8	852.2	825.7	805.8	849.6
2023-03-24 05:41:48.699770	777.7	748.4	761.8	800.8	932.4	771.7	770.6	864.0	886.0	812.4	801.2	876.7	826.7	769.0	804.0	825.9	837.4	0.0	803.2	847.5	1274.1	1147.7	1159.2	1175.0	789.9	761.6	753.5	790.8	861.6	825.5	829.8	865.8
2023-03-24 06:01:59.793479	809.3	766.8	775.4	802.1	866.0	801.4	804.5	879.5	875.4	810.1	810.2	864.1	854.9	806.4	840.6	871.4	857.8	0.0	822.0	876.3	1254.7	1143.1	1190.6	1192.2	813.1	787.0	780.1	803.1	892.3	851.2	811.9	860.8
2023-03-24 06:22:10.242884	786.0	753.1	754.7	789.9	992.1	775.9	777.3	911.4	867.5	800.6	793.3	860.2	840.0	793.0	822.4	864.9	850.2	0.0	845.5	840.6	1269.2	1128.1	1164.7	1144.4	782.1	756.5	757.8	787.1	869.1	848.3	826.7	851.0
2023-03-24 06:42:20.730720	777.6	743.5	747.6	784.2	859.1	797.3	793.3	2110.9	898.8	816.3	810.7	897.5	833.4	774.8	800.6	845.9	860.6	0.0	817.7	855.5	1298.7	1156.3	1189.9	1191.0	816.2	788.6	784.9	816.1	871.4	855.6	839.9	867.7
2023-03-24 07:02:31.206582	808.8	765.9	769.0	805.8	1011.2	797.3	798.9	899.8	907.1	831.3	810.0	874.7	829.5	784.4	825.2	860.5	887.2	0.0	831.0	862.3	1305.1	1167.1	1192.5	1197.6	819.1	792.4	786.7	805.4	883.1	843.2	824.4	852.9
2023-03-24 07:22:41.931567	806.6	778.4	776.7	838.7	988.1	781.2	781.6	907.6	904.5	821.0	797.4	868.7	842.4	791.6	821.7	863.2	832.3	0.0	809.2	845.1	1316.9	1193.4	1213.0	1225.0	825.0	791.5	800.4	826.6	884.7	854.0	827.3	874.3
2023-03-24 07:42:52.930052	779.5	755.3	752.4	790.2	1003.5	790.2	787.6	972.6	890.0	809.7	802.2	877.4	852.5	793.9	833.2	879.0	871.0	0.0	822.0	869.0	1316.7	1195.9	1216.1	1263.8	812.3	803.5	790.2	819.8	909.6	857.3	830.8	876.2
2023-03-24 08:03:03.760386	802.2	770.2	772.5	813.2	1013.1	783.2	799.8	971.1	896.3	831.3	813.3	886.6	874.9	813.9	857.2	892.1	866.7	0.0	834.4	879.6	1291.0	1159.4	1191.7	1193.4	826.0	796.5	799.8	830.0	903.1	852.5	827.7	875.0
2023-03-24 08:23:14.445674	795.8	780.9	760.8	799.3	994.4	812.3	807.0	937.9	889.6	819.3	805.6	873.7	856.2	810.1	842.9	874.9	861.1	0.0	821.2	857.9	1322.0	1161.2	1200.7	1187.4	798.9	771.1	779.4	804.5	863.5	836.5	814.3	860.1
2023-03-24 08:43:25.126774	811.2	776.7	783.4	828.0	985.1	781.0	779.9	897.2	880.5	815.9	802.7	875.8	849.8	790.0	824.5	845.8	876.1	0.0	834.4	870.8	1294.8	1152.0	1181.3	1199.5	828.8	795.3	794.7	815.8	906.2	873.9	843.4	882.5
2023-03-24 09:03:35.671420	814.5	786.9	797.0	838.4	1013.6	791.1	788.9	870.4	904.7	827.5	819.2	894.8	860.1	790.7	819.5	853.9	880.8	0.0	846.4	863.7	1301.7	1178.6	1218.2	1223.1	830.6	779.3	776.0	792.7	868.4	855.1	823.4	860.6
2023-03-24 09:23:45.777195	768.1	735.3	742.1	781.8	964.6	782.8	777.9	954.2	849.9	787.2	775.3	872.4	821.5	770.9	790.7	825.3	836.3	0.0	806.2	844.3	1230.7	1092.1	1119.1	1152.4	821.4	799.9	798.9	805.7	859.5	832.4	809.6	848.1
2023-03-24 09:43:57.121178	786.4	768.2	766.5	802.0	1017.8	776.8	780.1	870.1	876.6	807.5	787.7	870.2	811.3	769.3	794.3	828.8	839.3	0.0	795.0	821.5	1283.0	1151.4	1161.7	1154.4	805.7	774.4	785.1	799.1	854.4	817.8	786.3	835.3
2023-03-24 10:04:08.435213	792.5	770.6	763.6	784.5	976.7	795.6	796.2	946.2	868.2	793.0	778.8	878.6	848.6	790.8	820.6	863.9	834.1	0.0	805.9	830.3	1257.8	1130.4	1147.5	1175.7	802.2	770.9	771.9	781.4	853.3	829.9	804.0	849.1
2023-03-24 10:24:18.918929	754.3	727.7	737.6	763.9	916.7	756.3	751.7	900.8	869.6	804.6	790.1	854.3	802.9	765.9	792.5	822.2	836.5	0.0	800.1	841.3	1156.6	1034.6	1084.2	1096.9	797.5	774.0	767.4	794.1	853.3	829.1	806.2	840.3
2023-03-24 10:44:29.281958	759.7	737.9	734.0	779.6	914.1	746.2	753.9	854.7	857.6	786.6	782.7	848.4	814.0	778.3	801.9	842.6	836.4	0.0	802.6	837.4	1291.1	1148.8	1179.0	1203.8	784.8	763.1	757.9	785.3	844.1	809.9	783.7	823.9
2023-03-24 11:04:39.686419	748.8	717.8	726.3	772.2	921.7	748.6	737.1	849.5	828.8	766.8	745.3	807.3	817.4	772.9	801.3	831.6	825.6	0.0	777.5	807.1	1269.2	1095.8	1088.6	1147.0	774.5	740.6	746.4	762.9	859.1	820.1	788.8	835.5
2023-03-24 11:24:50.949517	761.9	746.5	738.4	775.5	933.2	761.5	749.1	870.4	847.3	765.6	758.1	829.8	792.3	748.1	781.0	789.6	793.7	0.0	787.8	812.8	1209.5	1097.2	1131.3	1151.4	770.5	743.3	748.3	763.6	832.1	820.1	799.8	851.7
2023-03-24 11:45:02.562283	778.3	747.9	746.8	780.5	961.2	767.5	755.5	902.8	852.6	773.5	758.4	816.8	833.7	786.2	822.6	845.6	847.3	0.0	797.5	823.2	1232.5	1130.5	1092.2	1139.8	792.5	760.9	761.6	802.6	854.3	824.6	803.4	855.1
2023-03-24 12:05:13.470451	767.4	734.0	749.9	791.8	942.9	742.1	747.0	856.8	837.6	769.3	754.3	824.5	807.4	764.1	801.8	831.3	837.9	0.0	793.6	831.2	1211.1	1076.0	1139.0	1124.3	774.4	770.2	760.6	794.5	844.0	800.1	785.8	820.3
2023-03-24 12:25:25.359825	766.5	745.0	749.8	779.5	967.8	759.6	767.7	898.4	849.5	779.6	769.9	833.9	820.0	776.9	804.4	844.7	818.9	0.0	786.3	818.3	1221.0	1097.0	1109.4	1097.9	816.4	788.0	778.6	840.9	836.8	799.6	771.9	827.5
2023-03-24 12:45:36.705170	740.7	727.0	733.3	758.8	1073.0	735.9	741.4	865.9	824.6	759.6	745.9	807.7	794.8	753.5	788.3	814.1	816.8	0.0	778.3	802.9	1194.2	1096.9	1118.2	1136.5	789.8	760.3	752.1	767.5	874.4	831.2	816.1	864.7
2023-03-24 13:05:47.783803	760.7	731.3	727.1	755.6	986.9	743.8	739.9	870.6	834.1	770.8	750.8	832.4	815.3	760.3	794.2	831.6	820.8	0.0	784.6	823.1	1175.4	1059.0	1082.0	1054.4	797.2	770.0	771.5	790.9	851.8	829.8	809.4	848.2
2023-03-24 13:25:58.405537	757.3	726.6	726.3	752.5	961.2	745.3	741.9	865.2	818.6	759.6	750.8	812.7	807.2	753.0	781.2	802.9	804.1	0.0	777.7	816.3	1181.1	1059.3	1081.9	1073.0	782.1	760.6	758.4	788.3	856.4	817.6	791.9	833.2
2023-03-24 13:46:08.661979	750.0	717.2	713.7	759.0	982.0	742.7	744.3	862.0	828.5	767.2	757.2	829.4	827.5	768.0	799.2	827.9	810.0	0.0	780.7	816.8	1227.4	1085.4	1120.5	1122.3	785.8	757.0	754.0	758.8	836.8	804.3	788.1	831.8
2023-03-24 14:06:19.126784	754.8	734.1	731.9	763.3	1019.6	747.5	750.1	872.3	839.4	778.3	773.3	839.9	824.8	755.7	790.3	822.8	822.6	0.0	770.8	816.1	1217.5	1087.9	1137.8	1145.3	776.0	748.0	748.8	780.7	845.3	820.9	799.7	833.5
2023-03-24 14:26:30.850086	728.8	715.2	721.3	745.9	991.0	740.4	743.3	880.3	834.4	768.7	756.0	812.2	801.6	747.0	781.3	811.0	839.6	0.0	795.3	825.2	1276.6	1114.6	1154.8	1151.1	782.3	757.8	751.1	777.7	864.8	826.7	798.9	854.3
2023-03-24 14:46:42.134584	757.5	730.6	728.9	771.6	991.1	777.9	760.4	911.6	837.4	772.1	762.9	821.6	825.2	774.9	800.4	837.5	796.4	0.0	767.8	790.6	1155.9	1060.8	1100.0	1079.6	767.9	741.4	746.8	761.6	832.2	796.1	778.8	826.8
2023-03-24 15:06:52.707363	760.8	722.2	724.2	763.5	947.5	722.0	735.4	853.2	843.8	761.8	757.5	819.4	802.2	746.2	783.6	812.2	797.3	0.0	762.1	795.2	1201.5	1082.8	1122.2	1099.3	763.0	737.9	741.8	771.2	821.8	787.3	772.4	809.2
2023-03-24 15:27:03.864050	742.7	715.1	723.4	761.3	824.0	763.0	749.8	822.3	839.5	794.6	834.7	839.3	799.5	749.6	771.3	797.6	800.5	0.0	764.4	800.1	1196.4	1070.7	1097.6	1104.5	773.4	756.4	755.1	767.8	854.2	820.8	789.8	848.8
